     0/299     9.89G   0.08514   0.01496   0.02833    0.1284        38       640 0.0004382  0.003448 2.851e-05 9.166e-06    0.1069   0.01974   0.02894
     1/299     10.8G   0.05635   0.01123   0.02154   0.08912        75       640    0.2448   0.01773  0.007024  0.001865    0.1336   0.01131    0.0319
     2/299     12.2G   0.04318   0.01003   0.01904   0.07225        55       640    0.5641    0.1386   0.09003   0.05068    0.1033   0.01587   0.02888
     3/299     12.2G   0.04126  0.008733   0.01851    0.0685        65       640    0.1195    0.3656    0.1147   0.03622   0.09723   0.01693    0.0278
     4/299     12.2G   0.03826  0.008824   0.01815   0.06523        51       640    0.1361    0.3564    0.1077   0.02993    0.0951   0.01601   0.02854
     5/299     12.2G   0.04142  0.009495   0.01885   0.06976        65       640    0.1883    0.2525    0.1396   0.05321    0.1033   0.01533    0.0296
     6/299     12.2G   0.03444  0.008995   0.01775   0.06119        44       640    0.5694    0.3268    0.2443    0.1316    0.1038   0.01122   0.02839
     7/299     12.2G   0.03538  0.008161   0.01753   0.06107        73       640    0.4692    0.2537   0.07116   0.02832     0.116   0.01009   0.02861
     8/299     12.2G   0.04066  0.007933   0.01649   0.06508        56       640    0.1023    0.1622   0.06924   0.03311     0.119  0.009848   0.03113
     9/299     12.2G   0.04298   0.00772   0.01718   0.06788        83       640         0         0         0         0    0.1464  0.006229   0.03433
    10/299     12.2G   0.04484  0.008621   0.01823   0.07169        73       640   0.05063    0.1733   0.03651   0.01582     0.124  0.009164   0.05254
    11/299     12.2G   0.03999  0.008371   0.01742   0.06579        38       640    0.3245    0.1542   0.09136   0.04864    0.1168   0.01087   0.03306
    12/299     12.2G   0.03812  0.008426   0.01808   0.06462        73       640    0.0513    0.3142   0.06139   0.01535    0.1151  0.009875   0.03051
    13/299     12.2G   0.03707  0.007946   0.01713   0.06214        57       640    0.1567    0.2288    0.1499   0.08811    0.1112   0.02822   0.05509
    14/299     12.2G   0.03196  0.007718    0.0158   0.05548        73       640    0.1565    0.1374    0.1135   0.05089    0.1266   0.01135   0.02713
    15/299     12.2G    0.0346   0.00875   0.01742   0.06077        56       640    0.5827    0.3039    0.2482   0.09775    0.1149  0.007992   0.02616
    16/299     12.2G   0.03149   0.00819    0.0165   0.05618        72       640     0.371    0.2313    0.1714   0.08438    0.1117  0.009535   0.02649
    17/299     12.2G   0.02966  0.007571   0.01664   0.05387        25       640    0.3884    0.2546    0.1545   0.06663    0.1127   0.01073   0.02711
    18/299     12.2G   0.03549  0.009233   0.01696   0.06168        77       640         0         0         0         0    0.1302   0.01323   0.02839
    19/299     12.2G    0.0333  0.008563    0.0178   0.05966        73       640    0.2007   0.01214 2.478e-05 3.249e-06    0.1303   0.01982   0.03047
    20/299     12.2G   0.03678  0.008886   0.01784    0.0635        68       640    0.2987    0.2652    0.1803   0.08273    0.1109   0.01034   0.03209
    21/299     12.2G   0.03211  0.008764   0.01697   0.05785        90       640    0.2604    0.3759    0.2301    0.1261    0.1105  0.009282    0.0348
    22/299     12.2G   0.03203  0.008579   0.01651   0.05712        49       640    0.2226    0.4148    0.2598    0.1365     0.109  0.008811   0.02839
    23/299     12.2G    0.0278  0.007444   0.01615    0.0514        48       640    0.2387    0.5025    0.3061    0.1746    0.1046  0.008212   0.02864
    24/299     12.2G     0.026  0.008131   0.01633   0.05046        60       640    0.5734     0.382    0.3505    0.1767    0.1066  0.007911   0.02992
    25/299     12.2G     0.028  0.007747    0.0165   0.05225        53       640    0.5635    0.4032    0.3673    0.1951    0.1021  0.009338   0.02522
    26/299     12.2G    0.0278  0.008413   0.01573   0.05195        66       640    0.4827    0.4544    0.3413     0.173    0.1017  0.008796   0.02567
    27/299     12.2G   0.02443  0.007414   0.01579   0.04763        56       640    0.3561    0.3184    0.3001    0.1996    0.1002   0.01012    0.0271
    28/299     12.2G   0.02487  0.008224    0.0157   0.04879        63       640    0.3554    0.4441    0.4059    0.2443    0.1009  0.008192   0.02875
    29/299     12.2G   0.02462  0.007615   0.01565   0.04789        57       640    0.5331    0.4333    0.3719    0.2283   0.09851  0.008669   0.03156
    30/299     12.2G   0.02438  0.007447   0.01623   0.04806        59       640    0.3297    0.5097    0.4096    0.2792   0.09907  0.007892   0.02802
    31/299     12.2G    0.0227  0.007099    0.0153    0.0451        49       640    0.3943    0.5818    0.4782    0.2776   0.09907  0.008192   0.02651
    32/299     12.2G   0.02112  0.007283   0.01466   0.04307        41       640    0.3789    0.6703    0.5021    0.2753    0.1006   0.00737   0.03146
    33/299     12.2G   0.02269  0.007039   0.01495   0.04467        56       640    0.7593    0.5078    0.5354    0.2923    0.1018  0.006904   0.02642
    34/299     12.2G   0.02297  0.007449   0.01454   0.04496       108       640    0.3485    0.7273    0.5006    0.2963   0.09945  0.007828   0.02903
    35/299     12.2G   0.02631  0.007374    0.0155   0.04918        59       640     0.278    0.7062    0.4413    0.2805   0.09664   0.00859   0.02786
    36/299     12.2G   0.02126  0.007154   0.01458     0.043        50       640    0.4893    0.5607    0.5768    0.3681   0.09742  0.007923   0.02502
    37/299     12.2G   0.02374  0.006707   0.01433   0.04478        36       640    0.3958    0.6896    0.5856     0.336    0.1006  0.007191   0.02529
    38/299     12.2G   0.02321  0.006999   0.01459    0.0448        42       640    0.6663    0.5467    0.5786     0.324   0.09906  0.007725   0.02598
    39/299     12.2G   0.02326  0.006978   0.01332   0.04356        42       640    0.4436    0.6078    0.5582    0.3796   0.09448  0.009114    0.0242
    40/299     12.2G   0.02241  0.007042   0.01284   0.04229        38       640    0.5255    0.6407     0.595    0.3204    0.1006  0.009183   0.02373
    41/299     12.2G   0.02591  0.007072   0.01311   0.04609        51       640    0.5321    0.7057    0.6289    0.3812   0.09876  0.007611   0.02282
    42/299     12.2G   0.02325  0.007529   0.01321   0.04399        73       640   0.07692   0.08401   0.01908   0.01056    0.1141   0.01953   0.05798
    43/299     12.2G   0.02219  0.007017   0.01304   0.04224        55       640    0.3849    0.7243    0.5397    0.2782   0.09979  0.007827   0.02402
    44/299     12.2G   0.02235  0.007291   0.01181   0.04145        44       640     0.414    0.5844     0.484    0.3186   0.09711  0.008688   0.02467
    45/299     12.2G   0.02445   0.00704   0.01229   0.04378        77       640    0.2281    0.3838     0.246    0.1512    0.1036   0.01197   0.03239
    46/299     12.2G   0.02287  0.007558   0.01194   0.04237        78       640    0.5695    0.4595    0.4627    0.2367    0.1003  0.008262   0.02722
    47/299     12.2G   0.02362  0.007227   0.01231   0.04316        73       640    0.8565    0.4243    0.5257    0.3096   0.09763  0.008871   0.02383
    48/299     12.2G   0.02759  0.007419   0.01215   0.04716        69       640    0.4202    0.4826      0.43    0.2524   0.09829   0.01014   0.02294
    49/299     12.2G   0.02714  0.007401   0.01228   0.04682        61       640    0.3274    0.5857     0.373    0.2266    0.1085  0.009518    0.1161
    50/299     12.2G   0.02508  0.006771    0.0115   0.04335        52       640    0.2429    0.3835    0.2375    0.1091    0.1039   0.01318   0.05678
    51/299     12.2G   0.02278  0.007357   0.01141   0.04154        67       640    0.4714    0.6981    0.6207     0.339   0.09808  0.007771   0.02301
    52/299     12.2G   0.02751  0.007765   0.01254   0.04781        62       640    0.4373    0.6286    0.5455    0.3386   0.09766  0.009045     0.024
    53/299     12.2G   0.02188  0.007225   0.01143   0.04053        74       640    0.3133    0.3835    0.2831    0.1638    0.0986   0.01081   0.03638
    54/299     12.2G   0.02551  0.006916   0.01157     0.044        52       640     0.548    0.6614    0.6484    0.3431   0.09899  0.007314   0.02259
    55/299     12.2G    0.0254  0.006884   0.01159   0.04388        41       640    0.6103    0.5968    0.6526    0.4006   0.09643  0.008455   0.02208
    56/299     12.2G   0.02257  0.006622   0.01055   0.03975        62       640    0.5129    0.5769    0.6272    0.4025   0.09588  0.008444   0.02348
    57/299     12.2G   0.02227  0.007433   0.01085   0.04055        54       640    0.4891     0.703    0.5746      0.34   0.09688  0.008928   0.03555
    58/299     12.2G   0.02387  0.006705   0.01127   0.04184        54       640    0.5911    0.6736    0.6915    0.4122   0.09645  0.007861   0.02893
    59/299     12.2G   0.02492  0.006656  0.009981   0.04156        50       640    0.5104    0.6252    0.6174    0.4059   0.09643  0.007693   0.02945
    60/299     12.2G   0.02195  0.006216  0.009625   0.03779        78       640    0.6497    0.5512     0.645     0.417   0.09472  0.007837   0.02652
    61/299     12.2G   0.02487  0.006664   0.01042   0.04195        81       640    0.5728    0.6856    0.6701    0.3959   0.09609  0.007845   0.02343
    62/299     12.2G   0.02336  0.006735   0.01027   0.04036        58       640    0.7678     0.723    0.7658    0.4609   0.09605  0.007647   0.02701
    63/299     12.2G   0.02202  0.006444  0.009518   0.03798        42       640    0.5544    0.7401    0.6897    0.4252   0.09475  0.007973    0.0221
    64/299     12.2G   0.02032  0.006473  0.008455   0.03525        55       640    0.6958    0.6753    0.7384    0.4587   0.09425  0.008526     0.022
    65/299     12.2G   0.02483  0.006425  0.009826   0.04108        54       640    0.5171    0.5679    0.5613    0.3348   0.09607  0.009746   0.02126
    66/299     12.2G   0.02253  0.006595  0.008945   0.03807        44       640    0.6047    0.7008    0.6693     0.413   0.09502  0.008106    0.0224
    67/299     12.2G   0.02516  0.006473    0.0102   0.04183        51       640    0.4938    0.5479    0.4807    0.3008   0.09386   0.01127    0.0233
    68/299     12.2G    0.0226  0.006528  0.009857   0.03898        67       640    0.6487    0.5656    0.6557    0.3951   0.09574   0.00872   0.02124
    69/299     12.2G     0.027  0.006706   0.01119   0.04489        55       640    0.3478      0.33    0.2429    0.1413     0.117   0.01687    0.1957
    70/299     12.2G   0.02028  0.006282   0.00861   0.03518        52       640    0.5715    0.5861    0.6296     0.437   0.09423  0.008789   0.02289
    71/299     12.2G   0.02239  0.006932  0.008694   0.03802        44       640     0.563    0.7646    0.6694    0.4103   0.09284  0.008392   0.02097
    72/299     12.2G   0.02084  0.006342  0.008046   0.03522        61       640    0.5401    0.7487     0.683    0.3929   0.09694  0.008094   0.02082
    73/299     12.2G   0.02159  0.006458  0.008558   0.03661        52       640    0.6598    0.7852    0.7526    0.4824   0.09359  0.007822   0.02018
    74/299     12.2G   0.02143  0.005994  0.007865   0.03528        73       640    0.6926    0.7814    0.7834    0.4367   0.09634  0.007342   0.01997
    75/299     12.2G   0.02134  0.005977  0.008418   0.03573        39       640    0.8144     0.718    0.8016     0.488   0.09663  0.007056   0.01993
    76/299     12.2G   0.02075  0.006196  0.007976   0.03492        68       640    0.8111    0.7299    0.8023    0.5082   0.09475  0.006881   0.01933
    77/299     12.2G   0.02119  0.006005  0.007606    0.0348        89       640    0.7612    0.7543    0.8028    0.4736   0.09459  0.006979   0.01867
    78/299     12.2G   0.02086  0.006223  0.007017    0.0341        52       640    0.8033    0.7113    0.7963    0.4887    0.0951  0.007028   0.01928
    79/299     12.2G   0.02125  0.005921  0.007149   0.03432        54       640    0.7242     0.637    0.7262     0.466   0.09296  0.008021   0.01919
    80/299     12.2G   0.01961  0.005784  0.006987   0.03238        41       640     0.708    0.7848    0.8002    0.5264    0.0949  0.007096   0.01892
    81/299     12.2G   0.02048   0.00578  0.007038    0.0333        52       640    0.7963    0.8055    0.8252    0.5077   0.09578  0.006995   0.01916
    82/299     12.2G   0.02283  0.006039  0.006649   0.03551        73       640    0.7706    0.8866    0.8512    0.5229   0.09598  0.006751   0.01895
    83/299     12.2G   0.02388  0.005715  0.007352   0.03695        48       640    0.8306    0.8124     0.871    0.5887   0.09412  0.007063   0.01849
    84/299     12.2G   0.02153  0.006041  0.006683   0.03425        85       640    0.7597    0.8129    0.8488     0.537   0.09202  0.007825   0.01947
    85/299     12.2G   0.02111  0.005885  0.006365   0.03336        42       640    0.7333    0.8235    0.8181    0.5277   0.09266  0.007582   0.01986
    86/299     12.2G   0.02289  0.005653   0.00629   0.03483        55       640    0.7245    0.8019    0.8073    0.5351   0.09125  0.008023   0.01915
    87/299     12.2G   0.01886  0.005698  0.005966   0.03053        41       640    0.7041    0.8808    0.8509    0.5788   0.09111   0.00742   0.01865
    88/299     12.2G   0.02147  0.005904  0.005969   0.03334        63       640    0.7831    0.8416    0.8559     0.547    0.0944  0.007252   0.01758
    89/299     12.2G   0.01943  0.005647  0.006026   0.03111        40       640    0.8433     0.818    0.8685     0.532   0.09668  0.006695   0.01797
    90/299     12.2G   0.02245  0.005755  0.006075   0.03428        44       640    0.7064    0.7522    0.7476    0.4592   0.09347  0.008119   0.01813
    91/299     12.2G    0.0247  0.005591  0.006192   0.03648        26       640    0.7698     0.864    0.8533    0.5454   0.09357  0.007153    0.0179
    92/299     12.2G   0.01999  0.005519  0.005817   0.03133        48       640    0.8129    0.8581    0.9186     0.556   0.09322  0.007109   0.01871
    93/299     12.2G   0.02264  0.005563  0.005504   0.03371        42       640    0.8291    0.8026    0.8472    0.5672   0.09212  0.007791   0.01846
    94/299     12.2G   0.02385  0.005726  0.005704   0.03528        47       640    0.8761    0.8001    0.8948    0.6224   0.09114  0.007505   0.01804
    95/299     12.2G   0.02094  0.005731  0.005642   0.03232        50       640    0.7251    0.7843    0.8064     0.541   0.09191  0.007906   0.01957
    96/299     12.2G   0.02109  0.005428  0.005755   0.03227        54       640    0.8875    0.7852    0.8661    0.5832   0.09273  0.007374   0.01878
    97/299     12.2G   0.02059  0.005377   0.00512   0.03109        54       640    0.7733    0.8219    0.8577    0.5594    0.0929  0.006801   0.01818
    98/299     12.2G   0.02171  0.005626  0.005083   0.03242        65       640    0.8541    0.8289    0.8623    0.5312   0.09382  0.006826   0.01791
    99/299     12.2G   0.01971  0.005421  0.004814   0.02994        71       640    0.8485    0.8442    0.9104    0.6173   0.09298  0.006826   0.01792
   100/299     12.2G   0.02495  0.005449  0.005875   0.03627        58       640    0.8183    0.8359    0.8643    0.5766   0.09155  0.007641   0.01792
   101/299     12.2G   0.01942  0.005485  0.004557   0.02946        74       640    0.8441    0.8725    0.8953    0.5943   0.09172  0.007452   0.01789
   102/299     12.2G   0.02054  0.005224  0.004933    0.0307        45       640    0.7529    0.8611    0.8672    0.5842   0.08982  0.007684   0.01842
   103/299     12.2G   0.01689  0.005488  0.004192   0.02657        47       640    0.7935     0.845    0.8602    0.5461   0.09215  0.007475   0.01804
   104/299     12.2G    0.0194  0.005167  0.003609   0.02818        62       640    0.8686    0.8795    0.9103    0.6131   0.09217  0.006955   0.01735
   105/299     12.2G   0.02203  0.005256  0.005552   0.03284        36       640    0.8497    0.8484    0.9113    0.5732   0.09225  0.007062   0.01819
   106/299     12.2G    0.0198   0.00527  0.004257   0.02932        68       640    0.8165    0.7991     0.895    0.6139   0.09128  0.006822   0.01893
   107/299     12.2G   0.01845  0.005251  0.004515   0.02821        44       640    0.8006    0.8981    0.9164    0.6007   0.09297  0.007153   0.01777
   108/299     12.2G   0.02383  0.005363  0.004686   0.03388        74       640    0.8897    0.8893    0.9292    0.6119    0.0933  0.006799   0.01724
   109/299     12.2G   0.01827  0.005114  0.003903   0.02728        65       640    0.8688    0.9161    0.9406    0.5919   0.09362  0.006758    0.0165
   110/299     12.2G   0.02161  0.005398  0.004512   0.03152        58       640    0.7805    0.7969     0.856    0.5556   0.09196  0.007244   0.01704
   111/299     12.2G   0.02011  0.005033  0.004797   0.02994        48       640    0.8254     0.881    0.9253    0.6225   0.09225  0.007244   0.01675
   112/299     12.2G   0.01659  0.005016  0.003681   0.02528        54       640    0.9368    0.8367    0.9271    0.6044   0.09158  0.007176   0.01693
   113/299     12.2G   0.02074  0.005388   0.00471   0.03084        56       640    0.8687    0.8884    0.9446    0.6082     0.093   0.00698   0.01735
   114/299     12.2G   0.01915  0.005323  0.004347   0.02882        50       640    0.9119    0.7847    0.8818    0.5711   0.09175  0.007442   0.01751
   115/299     12.2G    0.0215  0.005392  0.005169   0.03206        66       640    0.9304    0.8309    0.9183     0.616   0.09073  0.007444   0.01682
   116/299     12.2G    0.0195  0.005321  0.004571   0.02939        63       640    0.8366    0.8147    0.8782     0.626    0.0895  0.007959   0.01866
   117/299     12.2G   0.01801  0.005238   0.00414   0.02739        76       640    0.8679    0.8654    0.9328     0.643   0.09114  0.007152   0.01772
   118/299     12.2G   0.01978  0.005169  0.003965   0.02891        72       640    0.9455    0.8667    0.9431    0.6521   0.09049  0.007003   0.01669
   119/299     12.2G   0.01719  0.005311  0.003548   0.02605        71       640    0.7951    0.8379    0.8622    0.5496   0.09157  0.007211   0.01803
   120/299     12.2G    0.0213  0.004937  0.003823   0.03006        75       640    0.9319    0.8769    0.9563    0.6358   0.09244  0.006818   0.01633
   121/299     12.2G   0.01943  0.005185  0.003706   0.02832        55       640    0.9315    0.8473    0.9398    0.5949   0.09294  0.006893   0.01643
   122/299     12.2G   0.02008  0.004965  0.003754    0.0288        77       640    0.8615     0.819    0.9009    0.5741   0.09142   0.00726    0.0174
   123/299     12.2G   0.01848  0.004924  0.003958   0.02736        33       640    0.8839    0.9262    0.9511    0.6206   0.09297  0.007163   0.01889
   124/299     12.2G   0.02054  0.005087  0.003852   0.02948        47       640    0.8306     0.971    0.9464    0.6103   0.09143   0.00753   0.01736
   125/299     12.2G   0.01826   0.00499    0.0036   0.02685        55       640    0.8103    0.9416    0.9244    0.6119   0.09078  0.007187    0.0165
   126/299     12.2G   0.02129  0.005135  0.004386   0.03081        62       640    0.8902     0.893    0.9433    0.6835   0.08886  0.007142   0.01595
   127/299     12.2G   0.01941  0.004991  0.004249   0.02865        84       640    0.8992    0.9298    0.9568    0.6025   0.09092  0.007296   0.01629
   128/299     12.2G   0.02128   0.00505  0.004357   0.03068        48       640    0.9386    0.9145    0.9613    0.6528   0.09003  0.007678    0.0163
   129/299     12.2G    0.0189  0.005128  0.004023   0.02806        73       640    0.8707    0.8811      0.94    0.6235    0.0914  0.007034   0.01649
   130/299     12.2G   0.01732  0.005106  0.003569   0.02599        70       640    0.8918    0.9146    0.9486    0.6561   0.09013  0.007043   0.01754
   131/299     12.2G     0.017  0.005136  0.003799   0.02593        47       640    0.8808    0.9096    0.9626    0.6555   0.09088  0.007132   0.01697
   132/299     12.2G   0.01593  0.004933  0.003667   0.02453        43       640    0.8878    0.8739    0.9218    0.5839   0.09143  0.007542   0.01684
   133/299     12.2G     0.023  0.005154  0.004189   0.03234        50       640    0.9068    0.9367    0.9669    0.6587   0.09025  0.007293   0.01643
   134/299     12.2G    0.0184  0.004958  0.003498   0.02686        54       640     0.901    0.8633    0.9581    0.6586   0.09038  0.007189   0.01879
   135/299     12.2G   0.01945  0.004934   0.00367   0.02805        46       640    0.9384    0.8704    0.9452    0.5809   0.09241  0.006959   0.01996
   136/299     12.2G   0.01983  0.005227  0.003979   0.02903        68       640    0.8897    0.8898    0.9237    0.6111   0.09158  0.006951   0.01739
   137/299     12.2G   0.01967  0.005043  0.003383    0.0281        51       640    0.9146    0.9257    0.9684    0.6283   0.09216  0.006697   0.01653
   138/299     12.2G   0.01895  0.004927  0.002974   0.02685        67       640    0.9263    0.9089    0.9597    0.6163   0.09172  0.006948   0.01888
   139/299     12.2G   0.01866  0.005038  0.003582   0.02728        55       640    0.9441     0.973    0.9726    0.6265   0.09097  0.006811   0.01781
   140/299     12.2G   0.01686  0.004982   0.00272   0.02456        67       640    0.9366    0.9355     0.966     0.636   0.09083  0.007152   0.01741
   141/299     12.2G   0.02131   0.00485  0.003772   0.02993        69       640     0.968    0.9471    0.9798    0.6385   0.09171  0.006806   0.01672
   142/299     12.2G   0.01777  0.004619  0.003205   0.02559        61       640     0.891    0.9256    0.9506    0.6689   0.08901  0.007419    0.0167
   143/299     12.2G   0.02357  0.004774  0.004445   0.03279        43       640    0.9438     0.954     0.969    0.6414   0.09106  0.006714   0.01699
   144/299     12.2G   0.01868  0.004597  0.003515   0.02679        97       640     0.864    0.9265    0.9473    0.6386   0.09084  0.007094   0.01782
   145/299     12.2G   0.01943  0.004945  0.003276   0.02765        49       640     0.865    0.8839    0.9282    0.6024    0.0911  0.007095   0.01706
   146/299     12.2G    0.0152  0.004655   0.00254    0.0224        59       640    0.8798    0.8905    0.9376    0.6185   0.09105  0.007136   0.01677
   147/299     12.2G   0.01992  0.004876  0.003052   0.02785        31       640    0.9052    0.9458    0.9531    0.6492   0.09009  0.007079   0.01643
   148/299     12.2G   0.01865  0.004829  0.003062   0.02655        50       640    0.8823    0.9565    0.9601    0.6487   0.09016  0.006955   0.01654
   149/299     12.2G   0.01779  0.004935  0.002915   0.02565        51       640    0.9171    0.9439    0.9682    0.6384   0.09026  0.007264    0.0171
   150/299     12.2G   0.01556  0.004652  0.002559   0.02277        41       640    0.9386    0.9366    0.9664     0.637   0.09128   0.00654   0.01719
   151/299     12.2G   0.02053  0.005044  0.003227    0.0288        81       640    0.8561    0.9451     0.958    0.6562   0.08981  0.006875   0.01754
   152/299     12.2G   0.01876   0.00455    0.0029   0.02621        42       640     0.905    0.9322     0.957    0.6346   0.09014  0.006869   0.01742
   153/299     12.2G   0.02248  0.004552  0.002936   0.02997        68       640    0.8464    0.8977    0.9208    0.6005   0.09116  0.007037   0.01841
   154/299     12.2G     0.019  0.004509  0.003215   0.02673        60       640    0.8891    0.9302    0.9582    0.6514   0.08959  0.007353   0.01739
   155/299     12.2G   0.02115  0.004649  0.003136   0.02893        73       640    0.8571    0.9175    0.9514     0.621   0.09067  0.007081   0.01667
   156/299     12.2G   0.01745  0.004437  0.002597   0.02448        56       640    0.9327    0.8795    0.9523    0.6274   0.08973  0.007072   0.01661
   157/299     12.2G   0.01751  0.004556  0.002749   0.02481        62       640    0.9013    0.9063     0.955    0.6212   0.08977  0.006837   0.01618
   158/299     12.2G   0.01682  0.004687  0.002619   0.02412        57       640    0.8519    0.9409    0.9417    0.6537   0.08884   0.00724   0.01639
   159/299     12.2G   0.01825  0.004327   0.00315   0.02573        62       640    0.9065    0.9888    0.9689     0.627   0.09156  0.006813   0.01626
   160/299     12.2G   0.01879  0.004688  0.003083   0.02656        59       640    0.9145    0.9644    0.9675    0.6176   0.08999  0.007223   0.01648
   161/299     12.2G   0.02148  0.004703  0.003206   0.02938        77       640    0.9071    0.9433    0.9611    0.6469   0.09051    0.0069   0.01617
   162/299     12.2G   0.01696  0.004804  0.002989   0.02475        45       640    0.9076    0.9142    0.9505    0.6413   0.09128  0.006651   0.01652
   163/299     12.2G   0.01868  0.004847  0.002709   0.02624        93       640      0.91    0.8835    0.9384    0.6149    0.0915  0.006913   0.01662
   164/299     12.2G   0.01718  0.004537  0.002562   0.02428        53       640    0.9302    0.8953    0.9491    0.6357    0.0901  0.007078   0.01703
   165/299     12.2G   0.01883  0.004667  0.003188   0.02669        51       640    0.9647     0.935    0.9758    0.6096   0.09183  0.006698   0.01611
   166/299     12.2G   0.02208  0.004706  0.003578   0.03036        55       640     0.897    0.9592    0.9673     0.652   0.08966  0.006821   0.01699
   167/299     12.2G   0.01786    0.0046  0.002821   0.02528        54       640    0.9056    0.9323    0.9628    0.6522   0.08956  0.006854   0.01613
   168/299     12.2G   0.02006  0.004659  0.003375   0.02809        58       640    0.9513    0.9174    0.9731    0.6664   0.08903  0.007138   0.01598
   169/299     12.2G   0.01911  0.004421  0.002832   0.02636        31       640    0.9208    0.9474    0.9716    0.6747   0.08997   0.00678   0.01563
   170/299     12.2G   0.01758  0.004772  0.002933   0.02529        46       640    0.9016    0.9963     0.977    0.6472    0.0891  0.006994    0.0155
   171/299     12.2G   0.01868  0.004617  0.002907   0.02621        69       640    0.9502    0.9596    0.9775    0.6255   0.09039  0.007001   0.01568
   172/299     12.2G   0.01637  0.004577  0.002475   0.02342        43       640    0.9318    0.9565    0.9716     0.594   0.09077  0.007067   0.01625
   173/299     12.2G   0.02045  0.004501  0.002832   0.02778        71       640    0.9334    0.9231    0.9683    0.6287   0.08961  0.006933   0.01629
   174/299     12.2G   0.02157  0.004458  0.003173    0.0292        47       640    0.9057    0.9196    0.9627    0.6487   0.08956  0.006901   0.01606
   175/299     12.2G   0.01858  0.004282   0.00257   0.02544        47       640    0.8636    0.9519    0.9515    0.6405   0.08925  0.007293   0.01665
   176/299     12.2G   0.01492  0.004457  0.002202   0.02158        51       640    0.8629    0.9831    0.9666      0.65   0.08994  0.006813   0.01739
   177/299     12.2G   0.01781  0.004464  0.002488   0.02476        37       640    0.9284     0.953    0.9697    0.6222   0.09047  0.006664    0.0165
   178/299     12.2G    0.0219  0.004554  0.003098   0.02956        64       640     0.942    0.9287    0.9588    0.6569   0.08901  0.006756   0.01658
   179/299     12.2G   0.01737  0.004606  0.002458   0.02443        55       640    0.9035    0.9487    0.9621    0.6776   0.08844  0.006887   0.01706
   180/299     12.2G   0.02347  0.004621  0.002981   0.03107        58       640    0.9506    0.9492     0.972    0.5971   0.09119  0.006626   0.01711
   181/299     12.2G   0.01822  0.004376  0.002591   0.02518        74       640    0.9774     0.974    0.9806     0.622   0.09108  0.006536   0.01742
   182/299     12.2G    0.0154  0.004663  0.002113   0.02218        75       640     0.916    0.9176    0.9562    0.6975   0.08736   0.00703   0.01675
   183/299     12.2G   0.01563  0.004548  0.002375   0.02255        67       640    0.9466    0.9923    0.9756    0.6584   0.09028  0.006371   0.01695
   184/299     12.2G   0.01718  0.004382  0.002326   0.02389        83       640    0.9182    0.9963    0.9716    0.6417   0.08902  0.006741    0.0164
   185/299     12.2G    0.0192   0.00458  0.002873   0.02665        59       640     0.919     0.983    0.9693    0.6979   0.08769  0.006677   0.01573
   186/299     12.2G   0.01629   0.00447  0.002011   0.02277        84       640    0.9328    0.9112    0.9596    0.6996   0.08783  0.006541   0.01568
   187/299     12.2G    0.0192  0.004374   0.00257   0.02614        36       640    0.9343    0.9808    0.9696    0.6408   0.09058  0.006332    0.0152
   188/299     12.2G   0.01872  0.004316  0.002658   0.02569        62       640    0.9489    0.9708    0.9758    0.6538   0.08951  0.006638   0.01517
   189/299     12.2G   0.02129  0.004749  0.003116   0.02916        51       640     0.919     0.931    0.9518    0.6596   0.08858  0.006826   0.01592
   190/299     12.2G   0.01676  0.004212  0.002302   0.02327        57       640    0.9177    0.9658    0.9584     0.642   0.08913  0.006703   0.01567
   191/299     12.2G   0.01674  0.004345     0.002   0.02309        49       640    0.9544    0.9754    0.9688    0.6493   0.08882  0.006655   0.01564
   192/299     12.2G   0.01813  0.004261  0.002263   0.02466        48       640    0.9274    0.9496    0.9599     0.685    0.0883   0.00656   0.01514
   193/299     12.2G   0.01597    0.0044  0.002275   0.02264        35       640    0.9329    0.9669    0.9663     0.658    0.0892   0.00679   0.01504
   194/299     12.2G   0.02167  0.004377  0.002622   0.02867        71       640    0.9101    0.9964    0.9716    0.6744   0.08844  0.006999   0.01535
   195/299     12.2G   0.01889  0.004074  0.002434    0.0254        62       640    0.9223    0.9579    0.9717    0.6567   0.08919  0.006871    0.0153
   196/299     12.2G   0.01908   0.00428  0.002265   0.02562        82       640    0.9409     0.976    0.9716     0.678   0.08881  0.006759   0.01673
   197/299     12.2G   0.01697  0.004352  0.002526   0.02384        73       640    0.9628    0.9589    0.9709      0.68    0.0886  0.006634   0.01595
   198/299     12.2G   0.01792  0.004402  0.002428   0.02475        54       640    0.9212    0.9606    0.9725    0.6775   0.08846  0.006836   0.01613
   199/299     12.2G   0.01774  0.004419  0.002337   0.02449        38       640    0.9215    0.9827    0.9669    0.6468   0.08971  0.006797   0.01739
   200/299     12.2G   0.01651  0.004278  0.002197   0.02298        57       640    0.9329    0.9697    0.9713    0.6792   0.08843  0.006841   0.01655
   201/299     12.2G   0.01598  0.004329  0.002078   0.02239        68       640    0.9325    0.9778    0.9734    0.6401   0.08965  0.006721   0.01586
   202/299     12.2G   0.01467  0.004492  0.001945   0.02111        41       640     0.906    0.9838    0.9663    0.6534   0.08889  0.006805   0.01538
   203/299     12.2G   0.01659  0.004406  0.002497    0.0235        33       640    0.9456    0.9595    0.9745     0.693   0.08807  0.006714   0.01506
   204/299     12.2G   0.01881  0.004367  0.002844   0.02602        76       640    0.9423    0.9507    0.9751    0.6419   0.09004  0.006519   0.01489
   205/299     12.2G   0.01765  0.004376  0.002592   0.02462        61       640    0.9711    0.9193    0.9725    0.6715   0.08802  0.006819   0.01527
   206/299     12.2G   0.01789  0.004382    0.0023   0.02458        89       640    0.9479     0.937    0.9723    0.6678    0.0884  0.006758   0.01477
   207/299     12.2G   0.01575  0.004138  0.001922   0.02181        38       640    0.9701    0.9364    0.9734    0.6669   0.08895  0.006778   0.01524
   208/299     12.2G   0.01607  0.004347  0.002117   0.02253        55       640    0.9287    0.9795    0.9757    0.6562    0.0896  0.006735   0.01568
   209/299     12.2G   0.01822  0.004365  0.002373   0.02496        89       640    0.9628    0.9367    0.9751    0.6686   0.08917  0.006645   0.01483
   210/299     12.2G   0.01789  0.004513  0.002306   0.02471        68       640     0.967    0.9615    0.9755    0.6606   0.08935  0.006469   0.01499
   211/299     12.2G   0.01461  0.004198  0.002075   0.02089        52       640    0.9611    0.9964    0.9797    0.6502    0.0889  0.006661   0.01635
   212/299     12.2G   0.01663  0.004649  0.002194   0.02348        55       640    0.9432    0.9802    0.9766    0.6484   0.08995  0.006419   0.01669
   213/299     12.2G   0.01796  0.004102  0.002165   0.02422        52       640    0.9489    0.9736    0.9789    0.6513   0.08934  0.006543   0.01577
   214/299     12.2G   0.01862  0.004115  0.002445   0.02518        55       640    0.9308    0.9731    0.9697     0.663   0.08862  0.006654   0.01558
   215/299     12.2G   0.01619  0.004426  0.002141   0.02276       106       640    0.9502    0.9819    0.9758    0.6625   0.08935  0.006209   0.01478
   216/299     12.2G   0.01663  0.004258  0.002084   0.02297        55       640     0.925    0.9471    0.9705    0.6921   0.08796  0.006509   0.01491
   217/299     12.2G   0.02004   0.00426  0.002686   0.02699        65       640    0.9328    0.9575    0.9753    0.6956   0.08813  0.006581   0.01495
   218/299     12.2G   0.02039  0.004138   0.00265   0.02718        50       640    0.9369    0.9848    0.9809     0.661   0.08848  0.006452   0.01514
   219/299     12.2G    0.0189  0.004259  0.002897   0.02605        72       640      0.94    0.9957    0.9799      0.66   0.08838  0.006514   0.01551
   220/299     12.2G   0.01842  0.004401  0.002108   0.02493        60       640    0.9501    0.9962    0.9802     0.653   0.08842   0.00642   0.01503
   221/299     12.2G   0.01861  0.004201  0.002398   0.02521        77       640    0.9243    0.9789    0.9812    0.6686   0.08817  0.006507   0.01466
   222/299     12.2G   0.01658  0.004298  0.001832   0.02271        69       640    0.9214    0.9863    0.9787     0.692    0.0878  0.006519   0.01464
   223/299     12.2G    0.0175  0.004479  0.002226    0.0242        76       640    0.9449    0.9731    0.9782    0.6874   0.08742  0.006692    0.0146
   224/299     12.2G   0.01633  0.004355  0.001869   0.02256        87       640      0.95     0.956    0.9766    0.6687   0.08745  0.006638   0.01462
   225/299     12.2G   0.01627  0.004039  0.001657   0.02197        55       640    0.9373    0.9831    0.9795    0.6663   0.08823  0.006357    0.0154
   226/299     12.2G   0.01935  0.004323   0.00249   0.02616        65       640    0.9617    0.9792    0.9795    0.6484   0.08876  0.006472   0.01562
   227/299     12.2G    0.0172   0.00439  0.001918   0.02351        43       640    0.9553    0.9757    0.9789    0.6588   0.08801   0.00655   0.01487
   228/299     12.2G   0.01677  0.004306  0.002242   0.02332        53       640    0.9468    0.9581    0.9732     0.672   0.08804  0.006512   0.01455
   229/299     12.2G   0.01837  0.004445  0.002123   0.02493        88       640    0.9107    0.9791    0.9712    0.6672   0.08824  0.006716   0.01466
   230/299     12.2G   0.01633  0.004288  0.001917   0.02254        44       640     0.889    0.9964    0.9685    0.6566   0.08858  0.006807   0.01434
   231/299     12.2G   0.02033   0.00421  0.002465   0.02701        51       640    0.9488    0.9846    0.9782    0.6753   0.08776  0.006725   0.01418
   232/299     12.2G   0.01996  0.004112  0.002454   0.02653        53       640    0.9183    0.9731    0.9753    0.6768   0.08793  0.006677   0.01405
   233/299     12.2G   0.01637  0.004369  0.001932   0.02267        77       640    0.9301    0.9831    0.9735    0.6911   0.08768  0.006651   0.01385
   234/299     12.2G   0.01707  0.004247  0.002261   0.02358        58       640    0.9231     0.973    0.9752    0.6858   0.08826  0.006561   0.01373
   235/299     12.2G   0.01378  0.004227  0.001538   0.01954        29       640    0.9358    0.9671    0.9756    0.6746   0.08786  0.006639   0.01375
   236/299     12.2G   0.01538  0.004449  0.001919   0.02175        82       640    0.9472    0.9753    0.9778    0.6473   0.08858  0.006626   0.01381
   237/299     12.2G   0.01734  0.004166  0.001927   0.02343        76       640    0.9323    0.9903    0.9787    0.6824    0.0879  0.006568   0.01391
   238/299     12.2G   0.01604  0.004304  0.001613   0.02195        49       640     0.949    0.9833    0.9795    0.6831   0.08811  0.006497   0.01352
   239/299     12.2G   0.02065  0.004282  0.002605   0.02754        60       640    0.9274     0.983    0.9722    0.6652   0.08866  0.006497   0.01302
   240/299     12.2G   0.01767  0.003911  0.001861   0.02345        37       640    0.9569    0.9679    0.9796     0.662   0.08871  0.006537   0.01272
   241/299     12.2G   0.01848  0.004248  0.002047   0.02478        59       640    0.9368    0.9937     0.983    0.7102   0.08732   0.00654   0.01245
   242/299     12.2G   0.01739  0.004379  0.002075   0.02384        61       640    0.9376     0.979    0.9785    0.6767   0.08791    0.0065   0.01247
   243/299     12.2G   0.02046  0.004099  0.002654   0.02721        60       640    0.9345      0.98    0.9763    0.6706   0.08808  0.006537   0.01273
   244/299     12.2G    0.0162  0.004108  0.001852   0.02216        53       640    0.9376    0.9846    0.9814    0.6643   0.08811  0.006652   0.01353
   245/299     12.2G   0.01351  0.004153  0.001321   0.01898        51       640    0.9562    0.9711    0.9798    0.6701   0.08758  0.006641   0.01385
   246/299     12.2G   0.01704  0.004391  0.001882   0.02331        72       640    0.9539    0.9825    0.9699    0.6517    0.0886  0.006485   0.01405
   247/299     12.2G   0.01597  0.004161  0.001879   0.02201        52       640    0.9487    0.9679    0.9692    0.6732   0.08775  0.006495   0.01371
   248/299     12.2G   0.01623  0.004218   0.00162   0.02207        48       640      0.96    0.9638    0.9776    0.6688    0.0882  0.006462   0.01334
   249/299     12.2G    0.0162  0.004259  0.001538   0.02199        65       640    0.9598    0.9703      0.98    0.6685   0.08856  0.006391   0.01301
   250/299     12.2G   0.01537  0.004503  0.001922   0.02179        64       640    0.9594     0.983    0.9796    0.6572   0.08835  0.006468   0.01306
   251/299     12.2G   0.01829  0.004128  0.002412   0.02484        78       640    0.9507    0.9864    0.9783    0.6688   0.08792  0.006511   0.01328
   252/299     12.2G   0.01696  0.004443  0.001904   0.02331        58       640    0.9474    0.9889    0.9777    0.6596   0.08797  0.006604   0.01339
   253/299     12.2G   0.01576   0.00404  0.001561   0.02136        54       640    0.9365    0.9863    0.9761    0.6776   0.08742  0.006556    0.0132
   254/299     12.2G   0.01397  0.004229  0.001369   0.01957        52       640    0.9557      0.98    0.9785    0.6699   0.08717  0.006741   0.01304
   255/299     12.2G   0.01834  0.004133  0.001958   0.02443        53       640    0.9627    0.9852    0.9798     0.678   0.08695  0.006687   0.01319
   256/299     12.2G   0.01829  0.004358  0.002392   0.02504        56       640    0.9462    0.9414     0.974    0.7006   0.08675  0.006855   0.01363
   257/299     12.2G   0.01631  0.004614  0.002242   0.02316        69       640    0.9132    0.9741    0.9762    0.6617   0.08732   0.00701   0.01389
   258/299     12.2G   0.01734  0.004496  0.002169     0.024        61       640    0.9286    0.9964    0.9739    0.6826   0.08674  0.006891   0.01368
   259/299     12.2G   0.01376  0.004469  0.001532   0.01976        46       640    0.9145    0.9764    0.9719    0.6911   0.08608     0.007   0.01335
   260/299     12.2G   0.01616  0.004515  0.001931   0.02261        73       640    0.9052    0.9764    0.9675     0.673   0.08664  0.006918   0.01313
   261/299     12.2G   0.01867  0.004199  0.002337   0.02521        50       640    0.9039    0.9964     0.966    0.6658   0.08728  0.006695   0.01277
   262/299     12.2G   0.01677  0.004448  0.001994   0.02321        72       640    0.9308    0.9919    0.9779    0.6659   0.08766  0.006779   0.01263
   263/299     12.2G   0.01712  0.004332  0.002164   0.02362        48       640    0.9442    0.9943    0.9786     0.667   0.08739  0.006793   0.01253
   264/299     12.2G   0.01835  0.004548  0.002254   0.02515        62       640    0.9271    0.9863    0.9734    0.6655   0.08726  0.006806    0.0125
   265/299     12.2G    0.0178  0.004142    0.0023   0.02424        64       640    0.9333    0.9864    0.9764    0.6689    0.0871  0.006743   0.01255
   266/299     12.2G    0.0135  0.004324  0.001532   0.01936        54       640    0.9493    0.9676    0.9763    0.6667     0.087  0.006811   0.01254
   267/299     12.2G   0.01693  0.004276  0.001927   0.02313        62       640    0.9454    0.9849    0.9752    0.6833   0.08641  0.006959    0.0126
   268/299     12.2G   0.01945  0.004401  0.002137   0.02599        46       640    0.9491    0.9957     0.979     0.669   0.08678  0.007021   0.01257
   269/299     12.2G   0.01481   0.00414  0.001565   0.02052        54       640     0.958    0.9864    0.9798    0.6799    0.0863  0.006997   0.01231
   270/299     12.2G   0.01759  0.004009  0.002198   0.02379        57       640    0.9432    0.9963    0.9782    0.6634   0.08698  0.006888   0.01217
   271/299     12.2G   0.01691  0.004166  0.002251   0.02333        64       640    0.9429    0.9862    0.9784    0.6761   0.08673  0.006884   0.01201
   272/299     12.2G   0.01585  0.004411   0.00191   0.02217        68       640    0.9614    0.9728    0.9784     0.686    0.0865  0.006827   0.01223
   273/299     12.2G    0.0176  0.004092  0.002275   0.02397        76       640    0.9475    0.9814    0.9763    0.6665   0.08698  0.006835   0.01226
   274/299     12.2G   0.02137  0.004349   0.00255   0.02827        48       640    0.9429    0.9963    0.9777    0.6506    0.0876  0.006678   0.01219
   275/299     12.2G   0.01369  0.004272  0.001466   0.01942        47       640    0.9506    0.9964    0.9797    0.6785   0.08709  0.006641   0.01214
   276/299     12.2G   0.01558  0.003861  0.001478   0.02092        87       640    0.9468    0.9964    0.9813     0.687   0.08672  0.006643   0.01226
   277/299     12.2G   0.01652  0.004215  0.001885   0.02262        47       640    0.9478    0.9963    0.9794    0.6727   0.08727  0.006647   0.01237
   278/299     12.2G   0.01577  0.004309  0.001785   0.02186        68       640    0.9513    0.9864    0.9784    0.6633   0.08694  0.006806   0.01245
   279/299     12.2G   0.01844  0.004022  0.002353   0.02481        66       640    0.9427    0.9731    0.9772    0.6709   0.08692  0.006842   0.01245
   280/299     12.2G   0.01659  0.004177  0.001958   0.02273        57       640    0.9538     0.968     0.978    0.6712   0.08701  0.006838    0.0125
   281/299     12.2G   0.01513  0.004073  0.001493    0.0207        90       640     0.948    0.9914    0.9802     0.678   0.08667  0.006757   0.01241
   282/299     12.2G   0.01694  0.004319  0.001829   0.02308        73       640    0.9472    0.9831    0.9807    0.6767   0.08652  0.006735   0.01236
   283/299     12.2G   0.01882  0.004134  0.002277   0.02523        54       640    0.9474    0.9774    0.9777    0.6774   0.08674  0.006697   0.01239
   284/299     12.2G   0.01804  0.004054  0.001848   0.02395        58       640    0.9399    0.9731    0.9778    0.6853   0.08633  0.006692   0.01233
   285/299     12.2G   0.01774  0.004345  0.002238   0.02432        81       640    0.9385    0.9949    0.9775    0.6637   0.08664  0.006708   0.01236
   286/299     12.2G   0.01627  0.004121  0.001518    0.0219        25       640    0.9368    0.9922    0.9787    0.6792   0.08635  0.006731   0.01246
   287/299     12.2G   0.01964  0.004058  0.001965   0.02567        57       640    0.9421    0.9928    0.9787    0.6678   0.08665  0.006718    0.0125
   288/299     12.2G   0.01347  0.004327  0.001359   0.01915        73       640    0.9433    0.9811    0.9733    0.6534   0.08644  0.006773   0.01251
   289/299     12.2G   0.01554   0.00419  0.001466   0.02119        61       640    0.9386     0.983    0.9771    0.6659   0.08637  0.006823   0.01242
   290/299     12.2G    0.0144  0.004073  0.001675   0.02015        58       640    0.9485    0.9814    0.9784    0.6588   0.08663  0.006776   0.01242
   291/299     12.2G   0.01638  0.004469  0.002143   0.02299        85       640    0.9469    0.9843    0.9813    0.6692    0.0864  0.006757   0.01238
   292/299     12.2G    0.0181  0.004044  0.001735   0.02388        72       640     0.941     0.983    0.9779    0.6771   0.08597  0.006676   0.01237
   293/299     12.2G   0.01551  0.004308  0.001764   0.02158        42       640    0.9305    0.9831    0.9715    0.6722   0.08647  0.006693   0.01244
   294/299     12.2G   0.01675  0.004252  0.001877   0.02288        56       640    0.9448    0.9699    0.9724     0.675   0.08643  0.006729   0.01242
   295/299     12.2G   0.01415  0.004174  0.001338   0.01966        52       640    0.9436    0.9821    0.9766     0.676   0.08642  0.006798   0.01233
   296/299     12.2G   0.01444  0.004098  0.001472   0.02001        55       640    0.9447    0.9812    0.9796    0.6766    0.0862  0.006883   0.01227
   297/299     12.2G   0.01782  0.004435  0.001967   0.02422        63       640    0.9554    0.9786    0.9792    0.6703    0.0859  0.006967   0.01226
   298/299     12.2G    0.0148  0.003996  0.001387   0.02019        37       640    0.9443    0.9839    0.9791    0.6676   0.08621  0.006837    0.0121
   299/299     12.2G   0.01663   0.00416  0.001638   0.02243        60       640    0.9431    0.9662    0.9745    0.6652   0.08654  0.006776   0.01203
